3793, 4840
2488, 3860
1382, 3030
3633, 4720
1554, 3160
3052, 4280
2635, 3970
2897, 4170
3853, 4890
3698, 4770
25, 2010
2577, 3930
94, 2070
1078, 2800
2176, 3630
2406, 3800
1928, 3440
2020, 3510
2468, 3850
1823, 3360
3635, 4720
1639, 3220
2754, 4060
60, 2040
3735, 4800
1269, 2950
3990, 4990
2405, 3800
3087, 4310
480, 2360
248, 2180
3657, 4740
383, 2280
2866, 4140
1941, 3450
178, 2130
690, 2510
1347, 3010
3867, 4900
3574, 4680
3261, 4440
2131, 3590
1751, 3310
1753, 3310
2954, 4210
57, 2040
1746, 3310
2278, 3700
3337, 4500
1549, 3160
2538, 3900
346, 2250
771, 2570
3199, 4390
547, 2410
2154, 3610
3733, 4800
1323, 2990
3898, 4920
286, 2210
3061, 4290
230, 2170
3810, 4850
3374, 4530
3450, 4580
368, 2270
2195, 3640
1228, 2920
3136, 4350
1999, 3490
1717, 3280
582, 2430
2152, 3610
2893, 4170
2561, 3920
1505, 3120
3887, 4910
1002, 2750
1105, 2820
3678, 4750
3523, 4640
1712, 3280
3067, 4300
1539, 3150
3901, 3450
2887, 4920
1184, 4160
2319, 2880
3787, 3730
444, 4840
3366, 2330
1448, 4520
3582, 3080
514, 4680
3032, 2380
2321, 4270
2377, 3740
2302, 3780
2587, 3720
1862, 3940
519, 3390
3142, 2380
1338, 4350
3832, 3000
1957, 4870
2193, 3460
1877, 3640
638, 3400
3042, 2470
2266, 4280
2732, 3700
219, 4040
221, 2160
762, 2160
1349, 2570
1162, 3010
2271, 2870
1433, 3700
3548, 3070
1480, 4660
1011, 3110
2909, 2750
3348, 4180
1556, 4510
2350, 3160
3133, 3760
2570, 4350
2380, 3920
3529, 3780
3183, 4640
1511, 4380
2699, 3130
2517, 4020
1817, 3880
3005, 3360
1730, 4250
1707, 3920
3983, 3290
1709, 3280
546, 4980
3276, 3280
1521, 2750
1711, 2400
3148, 4450
2820, 3140
3165, 3280
1870, 4360
51, 2920
944, 4110
2753, 4370
1107, 3400
851, 2030
1609, 2700
3782, 4060
1482, 2830
2824, 2630
3623, 3200
3497, 4840
1109, 4830
3858, 3110
756, 4110
33, 4710
1701, 4620
2403, 2830
1757, 4890
2778, 2560
3432, 2020
564, 3270
1449, 3800
1840, 3310
470, 4080
466, 4570
3632, 2420
1828, 3080
3845, 3380
3201, 2350
1905, 2340
3750, 4720
3214, 3370
1659, 4880
567, 4400
3946, 3420
1411, 4810
967, 4410
1396, 3240
2777, 4350
1948, 2420
225, 4960
1160, 3050
2086, 2720
1513, 3040
3437, 4080
3417, 3460
766, 2160
1678, 2870
2825, 3560
1063, 3130
387, 4570
2437, 4560
3486, 2570
3494, 3250
913, 3080
637, 4110
386, 2790
1977, 2290
1966, 3820
3937, 4610
2281, 4620
920, 2680
3872, 2470
283, 2280
3449, 3480
726, 3470
189, 4950
87, 3710
290, 2680
1436, 4900
362, 2210
2, 4580
1485, 2540
339, 2140
3754, 2060
2957, 2210
1028, 3070
215, 2270
1062, 2000
2167, 3110
1754, 2250
3080, 2210
2687, 4810
2827, 4210
3222, 2770
3647, 2160
1072, 2790
3034, 3620
774, 3310
3419, 4310
811, 4010
2011, 4120
1944, 4410
241, 4730
2213, 2800
1230, 4270
3987, 2580
2692, 2430
578, 4560
1592, 2600
1158, 3500
1389, 3450
702, 2180
953, 3660
3147, 2920
3205, 4990
1159, 4010
1680, 2430
3357, 3190
1762, 2860
905, 3040
1770, 2520
527, 2280
1839, 2710
1186, 4360
1456, 4400
228, 2860
1079, 3260
3116, 4510
1052, 3320
3516, 2670
855, 3320
943, 2390
3191, 3380
3474, 2880
2394, 3090
50, 2170
1542, 2800
1727, 4330
1041, 2780
1523, 4630
484, 2640
576, 2700
596, 4390
1691, 4600
1986, 3790
2442, 2030
2269, 3150
500, 3290
1867, 2780
1876, 3140
3093, 2360
1224, 2430
1657, 2440
3906, 3260
1417, 3480
2401, 3830
1027, 3700
3774, 2370
3759, 3400
1614, 3400
1461, 4320
540, 2910
1642, 3240
534, 4930
1195, 2180
1479, 3060
753, 3800
3155, 2770
3616, 4830
3953, 4820
2317, 3210
240, 3090
421, 2400
3931, 3230
149, 2400
3200, 4810
3013, 2890
1959, 3100
579, 2560
1250, 4360
3176, 4710
423, 4960
3631, 3730
3285, 2180
3284, 2310
3233, 2890
977, 4940
1649, 2110
515, 4400
1952, 4260
1281, 3460
3909, 2430
3023, 2930
36, 4380
2227, 2310
1248, 4720
790, 4460
3746, 4460
2711, 4420
2259, 2730
3140, 3230
2907, 2380
1418, 3460
3485, 2960
3046, 4930
1486, 4260
2253, 2020
1827, 4210
1801, 2860
1035, 3670
211, 2930
1364, 2590
1219, 4810
903, 4030
474, 3690
1910, 4350
2246, 4180
3776, 3060
1507, 4610
3102, 4280
2001, 3110
1036, 3690
331, 3370
1398, 2570
978, 3350
2990, 2770
974, 2150
1765, 3020
1169, 2910
833, 2670
2539, 2350
918, 3430
1283, 3680
724, 4830
1868, 3130
3799, 4320
188, 3500
3491, 2770
3396, 2240
1191, 3040
3479, 2870
2874, 2730
2812, 4240
2672, 2730
1735, 3320
256, 2870
3338, 2620
2544, 3900
3970, 2680
1204, 2960
3156, 2540
1139, 3400
1871, 4840
1087, 2140
2088, 4610
1886, 4540
509, 4010
3262, 2890
854, 4610
2996, 4150
633, 4100
203, 4000
1672, 3300
446, 2190
3935, 3310
179, 4500
2606, 3900
2111, 4970
2058, 2900
285, 4360
415, 2850
1557, 3400
2586, 2810
3242, 3560
2735, 3410
3220, 2380
2427, 4440
2624, 2640
863, 4240
1335, 2470
1761, 2150
145, 3250
2853, 2330
781, 4950
2301, 2130
2982, 3950
134, 3580
1834, 3540
2847, 2210
1140, 3580
2226, 2310
1800, 2600
77, 3160
487, 3090
3685, 3930
2742, 3860
329, 4430
315, 4050
3630, 4410
3501, 3820
3398, 3960
1267, 2640
1633, 3000
569, 3320
2009, 2100
3340, 4140
338, 2580
2685, 3280
3791, 3720
1326, 4230
1825, 2100
399, 3370
3757, 3640
1303, 4130
2580, 4000
2615, 2850
2709, 3660
2784, 3350
1446, 2050
262, 4360
1443, 2920
2658, 2360
74, 4760
1200, 4320
2137, 4050
1177, 2240
2242, 2230
3019, 4720
3815, 4620
1150, 4540
2210, 2950
2902, 2390
1716, 3220
3607, 2420
202, 3500
1626, 4500
838, 2250
3332, 4010
803, 4840
3541, 2990
2008, 3360
2751, 2290
1322, 4810
829, 2970
730, 3480
2383, 3930
1116, 3960
162, 4030
1713, 4080
1605, 3080
847, 2190
2055, 3080
3824, 3990
1559, 2050
3368, 2900
3871, 3600
2163, 2880
2096, 3680
3665, 4260
3976, 4860
2787, 3900
676, 2860
2189, 3650
3586, 4170
2370, 3280
2378, 4700
989, 2150
1872, 3220
3451, 2620
644, 4490
721, 2600
3434, 4650
3907, 3500
2752, 4060
372, 2990
1408, 2620
2794, 2540
1126, 3780
2858, 2830
2103, 2120
933, 3280
303, 3200
155, 2630
3765, 3540
1892, 4350
1739, 4860
2643, 3400
2258, 3160
1170, 4520
2707, 4900
3875, 3620
2032, 3570
3963, 4740
647, 4980
2639, 4090
3874, 2500
2796, 3640
2746, 2640
1783, 4690
1412, 3770
2416, 3780
390, 2740
1961, 3400
2807, 4580
2997, 2480
2463, 2540
970, 4570
808, 4930
1873, 4060
1855, 2270
373, 3050
2035, 4090
1089, 2840
1695, 4140
631, 3570
2731, 2700
906, 2220
2282, 2110
1937, 4820
846, 3410
1403, 3300
3943, 3980
2105, 3690
1732, 2720
1534, 2870
3998, 4030
1075, 4900
1380, 3520
2743, 4970
1350, 2480
1502, 3980
3778, 4900
3836, 4090
3260, 4060
2503, 3330
1737, 2540
159, 4800
2109, 3040
275, 3050
605, 3810
2785, 2290
1101, 3470
2115, 4100
2048, 4240
1992, 3840
2828, 4520
3113, 2720
1570, 2600
2986, 3400
2017, 3390
1266, 2270
929, 3520
3370, 2810
2590, 3270
3732, 2470
494, 4800
656, 4040
1465, 2670
3292, 3710
3739, 3450
193, 2630
853, 3050
3471, 4950
2402, 3570
481, 3290
201, 3150
1778, 4990
1245, 3780
1835, 2800
1831, 3030
1127, 2900
2749, 4180
265, 4050
3027, 3010
3387, 3120
2371, 4830
3268, 4870
3779, 4440
2516, 3870
3135, 3350
1995, 3300
1574, 4300
2431, 2110
3146, 3580
3335, 2200
3664, 2450
1453, 4080
2809, 2820
1313, 3580
3045, 3530
909, 3490
1263, 4120
2149, 4330
2520, 4600
426, 3170
2633, 4240
3274, 3510
3792, 2520
1742, 2940
182, 2690
2870, 4520
139, 3940
2180, 4800
473, 2370
2326, 2490
706, 3090
1106, 4460
2284, 4800
1671, 2140
24, 2640
3959, 4920
1677, 4600
3091, 3800
764, 2360
1477, 2150
828, 3330
2049, 2930
1054, 3370
2443, 3370
1580, 2840
382, 4060
3022, 4170
3814, 2190
3703, 4270
1989, 4540
3002, 3770
878, 4840
867, 4450
1946, 4830
1161, 3880
3993, 3320
1579, 4350
1856, 3490
3393, 3180
821, 3820
2629, 4360
2558, 4500
3169, 4740
1138, 3090
1289, 4100
3086, 2980
3231, 4280
2171, 2680
1385, 2940
1044, 3610
3597, 3890
584, 2310
2220, 3970
163, 4450
3800, 4840
3848, 3300
325, 2130
2477, 4150
2484, 2100
3323, 3630
3827, 2350
510, 3740
31, 2520
3972, 2830
904, 3710
1512, 3250
499, 2010
3620, 4970
1435, 3250
91, 4310
234, 2570
3813, 3100
3021, 2620
1213, 3530
1884, 2790
2525, 3830
618, 3180
2757, 2280
832, 4260
3492, 4860
3823, 4770
2348, 3490
1773, 4250
2638, 2650
612, 2650
1779, 3450
417, 2870
1531, 4990
917, 4990
1497, 2580
2802, 3180
2830, 2190
628, 3390
1259, 4540
2328, 3460
659, 2610
887, 3970
1423, 3910
493, 4370
1987, 2850
1536, 2960
1141, 4310
1965, 4420
1860, 3620
3726, 3030
2492, 2780
335, 4690
1991, 2430
3932, 3660
2257, 3010
293, 2120
83, 4850
2090, 4880
518, 2240
617, 3850
2736, 3860
1012, 4490
2382, 4870
1256, 2180
1504, 2250
430, 2380
173, 2020
2400, 4970
185, 2670
85, 3130
3786, 2370
1103, 4710
3470, 3070
3192, 2060
2452, 2170
3731, 4860
3056, 4260
3748, 2910
2467, 3410
1903, 3890
840, 2460
696, 4060
926, 2620
804, 4620
3333, 4860
1645, 3760
3876, 2430
3251, 3330
524, 3970
440, 2450
205, 3330
709, 2310
356, 3140
3296, 2680
2320, 4600
1728, 3120
2016, 4100
1806, 3730
3847, 4120
2471, 2470
233, 2940
823, 4330
541, 3740
1631, 2490
2358, 2660
1462, 3060
869, 3620
3730, 2360
2799, 3490
561, 3150
2264, 2850
3725, 3940
3246, 3470
1803, 3350
209, 3390
535, 4790
3030, 3860
2987, 2250
1743, 2310
3198, 3490
2700, 4940
452, 3690
686, 3000
740, 2210
3886, 4800
848, 2060
532, 3560
1547, 2380
385, 2460
3172, 4050
976, 2750
184, 2520
3008, 3780
3520, 2940
1979, 2950
1640, 3120
2663, 2320
3073, 2120
3924, 3950
2949, 3800
3266, 2130
3639, 2060
1936, 4840
3653, 2820
1792, 4600
3159, 4390
2761, 3830
1805, 4790
2912, 4290
2508, 4810
3712, 4250
1733, 3850
2179, 3420
1181, 2630
2862, 2520
2630, 4250
2091, 3330
2356, 3520
1201, 2690
1014, 2600
2599, 4500
1390, 3230
1595, 4900
930, 4430
2070, 2390
1612, 2330
815, 2150
938, 2530
3767, 2400
1209, 2260
2595, 4470
1893, 3740
3421, 3290
2831, 3510
1422, 3350
2591, 4880
475, 3850
175, 2170
2728, 2610
436, 2400
537, 3220
2451, 3760
3721, 3090
212, 2650
1295, 4790
858, 3900
911, 4090
2438, 3150
923, 2420
402, 3690
2293, 4790
2229, 3790
692, 4430
1434, 3350
991, 4300
1975, 3900
2741, 2150
2504, 2400
3137, 2430
1760, 4270
3345, 4240
934, 3300
2610, 4390
539, 4020
2425, 2330
2662, 2510
170, 2550
394, 4910
3618, 4270
1401, 2630
3519, 2390
80, 3160
2856, 2910
2770, 2280
1673, 4380
1601, 2730
992, 2130
3587, 4250
731, 4640
1723, 3480
3041, 3230
754, 3990
1413, 2110
1931, 3700
1399, 2470
2165, 2670
1962, 4300
181, 4940
1949, 4210
3828, 4450
384, 4720
2628, 3450
1060, 4740
1134, 3340
1836, 3160
1073, 4910
1471, 4360
1895, 4070
3884, 2310
3734, 4280
3446, 3350
2740, 4180
2429, 3880
2354, 4780
688, 3300
204, 3630
1909, 2880
2756, 4140
3227, 3970
2995, 3560
1454, 3760
1866, 2900
1221, 2760
1571, 3950
3496, 3040
2879, 2240
2941, 3190
2211, 2690
542, 3550
3857, 4660
3658, 3200
682, 2610
3009, 2700
1529, 4820
2197, 2900
3933, 3940
2718, 3420
3221, 4560
3595, 4120
3895, 4460
3773, 3360
2942, 3060
2886, 3940
3386, 2350
3830, 2130
2303, 4040
1906, 2110
2841, 2320
3175, 2400
3900, 3830
2399, 4790
1006, 2150
793, 2970
176, 2640
1236, 2680
1460, 3820
1888, 2690
2496, 2790
2936, 2300
206, 2920
1530, 3720
3051, 3670
1031, 2510
2644, 2650
3469, 3070
3600, 2740
3105, 3480
3999, 4050
1451, 3870
2239, 4350
1951, 2210
2910, 3320
40, 2020
1506, 4500
197, 2200
1812, 2700
460, 3950
523, 2400
1405, 3810
3863, 3990
1100, 2120
960, 2860
